Unknown,Source001,Source002
0.1,0.786107856142443,0.113892143857557
